1234
0000
1111
1212
4444
7777
6969
2112
1313
2222
5555
8888
4321
1969
1984
2323
1010
9999
5150
1981
1221
1122
1975
3333
6666
1987
1977
1985
2001
1965
1978
2525
1976
1701
1973
1980
2424
1979
2000
1983
1997
2468
2002
1998
1974
1986
1988
1225
1964
1970
2020
2121
1919
2580
0123
1223
1357
1982
1993
1956
1963
1337
1967
1245
8520
2233
1991
1000
1948
1966
1989
5252
2012
4536
1945
1776
3141
9876
1231
1066
1996
1233
2106
1134
1216
1911
1968
2004
1949
1999
1127
1995
1414
1355
7878
1992
1972
1001
2303
1990
1114
1954
1961
1971
0815
1007
1211
1117
1959
1958
1453
2007
1324
1306
0220
1105
1224
1243
1369
1515
1944
1952
1962
2005
2552
5683
1947
1955
1214
1951
2507
1024
2003
4247
1946
1812
3777
2503
0303
3108
2101
1028
1331
1601
1735
3232
5000
1013
1950
1960
5050
5757
2010
1121
3399
1802
0007
2110
3000
0987
1572
1717
1478
0707
1210
2011
0128
1020
1031
1120
3110
3131
4200
4545
6633
1124
1943
1218
1220
3234
2357
6288
1953
1201
1957
3283
1230
1442
2811
3011
1144
0705
5623
0808
1004
1022
1101
1102
1130
1138
1200
1405
1942
2100
2354
2425
2687
7676
0513
1029
3344
4568
2511
3636
2929
2627
4141
6464
3223
2211
2006
0202
4711
2408
1203
3125
5599
1040
7000
1275
5525
1818
3322
1232
1805
2512
1994
3112
0711
1209
2131
2212
3146
6669
1112
1379
5225
4455
8804
0203
0420
0811
1017
1030
1099
1125
1217
1227
2109
2312
2345
2513
3650
4477
7272
9000
2343
6767
1150
1711
5151
4040
6789
3699
3355
2412
1215
1123
1119
1014
1710
2737
1310
1236
2504
1208
2203
2009
1023
1021
0415
0330
5254
1602
1542
8008
1492
2610
3535
4512
0369
2501
7410
1235
2535
2204
0530
1850
0222
2901
2626
0812
1527
1709
4592
1213
0201
0891
1604
1933
2008
2111
2508
3533
7896
0147
7734
7913
8088
1126
4242
7654
1110
7899
5678
3669
3431
1301
1008
0404
0503
1016
1108
1205
1253
1438
1800
2013
2040
2321
2342
2409
2442
2541
2772
4001
5500
8275
9339
1109
1553
1718
3030
3117
6565
0512
1115
5895
5196
1265
4403
1941
1932
1917
1909
4747
4344
8588
8252
2215
1936
1910
1432
1207
1133
2124
2022
1002
7225
3359
3263
3015
5656
8796
8787
1511
0013
1244
5420
6099
0217
0070
2411
3720
6768
9090
1907
3005
1627
1027
1129
1440
2665
2810
4463
4578
5334
7890
9191
0006
0101
1012
1015
1471
2129
2307
2606
2746
2907
3197
3410
4228
4273
4311
4504
5026
5566
6209
7143
1590
2554
8604
2486
3113
8989
5516
1437
7625
1513
1732
1905
9012
8383
8053
6678
5533
4907
4269
2909
2401
2187
1937
1808
1804
1780
1598
1555
1373
1351
1333
1252
0907
0880
0211
0208
0110
2635
2478
4710
7549
2062
7249
2904
0156
5102
2808
0302
0824
1011
1104
1128
1228
1415
1472
1822
1916
2205
2213
2224
2267
2337
2469
2544
2662
3123
3301
3434
3693
4056
4424
5250
5312
5501
5665
6500
7171
7932
7979
8541
1050
1269
1661
1706
2244
3101
3400
4900
5211
6110
7749
8111
6569
8881
0179
0952
1789
4127
8991
1940
2611
4411
4343
4183
6661
6264
3711
8242
2453
5325
5259
5212
2030
1143
1026
7502
1922
1908
1903
1821
0221
0191
1695
1617
1533
1516
1510
1321
2526
1422
1402
1308
1290
1250
2548
1229
2510
2502
2288
2248
1100
4848
1075
0912
0909
3696
0502
9111
1913
0318
1842
2828
1608
1580
2678
1488
1470
2122
3221
4145
2421
3365
2355
4002
6942
3132
0401
1532
2705
1412
1410
1342
1384
1326
2255
1192
7862
1003
7268
9900
6636
1881
0224
1704
5425
5121
0428
1428
1582
1874
7195
9595
0102
0314
1080
1106
1238
1493
1616
2026
2564
3386
3690
4466
6996
0901
1512
1519
1844
1900
2208
2210
2301
2378
2793
2908
5654
1461
1669
2306
2900
3169
2380
4867
3321
5454
4388
3689
2663
7495
4143
2769
2128
1058
2567
2219
2201
4572
7988
7828
7327
7123
3878
6841
6791
3387
0809
9423
9375
9272
5882
5645
0385
5443
2986
8840
8571
0153
0140
5092
2741
7054
6332
2528
4332
3648
6459
6195
9142
0288
8912
8634
8390
5271
5033
0109
0210
0216
0317
0326
0405
0408
0410
0414
0493
0508
0511
0524
0528
0604
0616
0618
0623
0701
1005
1037
1076
1107
1118
1132
1177
1198
1222
1226
1335
1411
1425
1445
1725
1727
1928
2164
2218
2242
2257
2300
2317
2371
2958
2991
3001
3470
3478
3487
3586
3716
3825
4111
4203
4262
4350
4421
4515
4653
4778
4951
5120
5284
5333
5667
5690
5775
6029
6576
6871
7220
7223
7233
7391
7474
7751
7873
8778
8822
9580
9632
9696
9821
0015
0218
0325
0578
1136
2019
2221
2479
4090
4144
4422
7151
7492
9390
9396
1429
2477
4561
2142
6372
0990
3006
5511
1934
5101
0331
7923
0212
7863
1626
0055
1469
1341
9891
9856
9801
9797
4569
4542
4523
4462
4417
4415
9295
4309
4222
4152
4101
6769
6688
6499
6230
8691
8455
8432
3714
3615
3536
3495
2447
5662
5608
3212
2340
5512
2305
5472
3111
2243
2192
2155
2138
5243
5204
2079
1206
0829
0710
0617
0550
1939
1925
1912
7325
7319
0250
2840
1631
1595
1559
1554
1551
1525
2701
4770
4758
2582
2565
2516
1325
1296
1258
2505
1219
1202
1189
1159
1116
4808
4646
4440
1009
7475
7419
3872
3740
3600
0716
6612
6575
6442
0601
6123
0504
0429
1921
0337
0324
0312
1810
8659
2910
0118
0112
8488
5060
2806
8240
0074
2766
2702
1464
0424
0450
1277
1708
2322
2444
2599
3214
3412
3666
3850
4123
6463
8762
9311
1495
5669
1561
4873
2236
2227
4235
2209
4112
6129
8970
3415
3211
5456
0143
1403
1356
2509
1314
1259
1184
1151
1092
4812
4096
7175
0852
0702
0621
0417
0150
0011
0040
0311
0501
1078
1248
1254
1264
1421
1458
1574
1599
1660
1806
2249
2309
2332
2774
3457
3562
4125
4142
4221
4507
4554
5049
5440
6100
7399
7530
7693
7963
8317
9502
1069
0012
0035
0228
0506
0514
0864
1187
1312
1345
1367
1374
1506
1656
1680
1771
1824
2085
2132
2144
2235
2366
2423
2522
2824
2830
3004
3200
3242
3270
4077
4169
4212
4225
4300
4312
4381
4441
4456
4807
5126
5258
5469
5660
5854
5874
5959
6060
6363
6488
6557
7554
7877
8282
8426
8523
8693
8751
8789
9185
9630
9898
9981
0105
0113
0304
0305
0402
0486
1025
1052
1103
1185
1298
1299
1332
1423
1501
1605
1619
1675
1923
2058
2093
2202
2234
2314
2384
2422
2465
2558
2729
2802
2848
2941
3162
3772
4182
4519
4629
4790
5589
5714
7454
7507
7997
8307
8521
9785
0184
0898
1793
3010
4066
4436
4453
4791
5850
6699
7091
9565
1268
0525
6190
3733
9313
8315
5405
1072
1420
4469
0192
0103
0022
9952
9119
8448
6673
6642
6322
6275
5858
5531
5355
4563
4357
3767
3641
3032
2661
2341
2276
2274
1918
1473
0214
8385
7177
6600
6170
4278
4023
3921
3710
3356
2404
2398
1884
1823
1664
1646
1427
0619
0602
0517
0204
7641
0048
0115
0149
0258
0265
0425
0518
0533
0546
0599
0737
0791
0828
0881
0884
1047
1063
1154
1161
1256
1397
1433
1462
1546
1880
1901
2048
2060
2080
2114
2116
2157
2188
2207
2223
2229
2231
2264
2287
2294
2313
2402
2406
2494
2619
2744
2754
2892
2932
3216
3235
3239
3255
3299
3391
3461
3466
3520
3610
3658
3662
3749
3751
3857
3862
3910
4094
4116
4147
4215
4243
4313
4372
4409
4475
4576
4610
4697
4717
4750
4767
4875
4928
5056
5098
5109
5115
5248
5293
5311
5337
5353
5411
5432
5505
5520
5553
5692
5822
5948
5962
6061
6102
6147
6220
6297
6489
6639
6684
6837
6869
6930
7070
7120
7274
7311
7428
7458
7535
7685
7689
7796
7868
7869
7894
7950
8145
8215
8411
8421
8456
8600
8610
8723
8811
8812
8982
9044
9108
9422
9492
9554
9585
9592
9618
9675
9750
9982
0178
0430
1691
2698
3880
6115
6248
6697
8159
9444
9599
9687
2449
4100
9510
9165
8808
8767
3312
3201
5864
5663
0712
5557
0630
0536
1896
0193
1535
9961
9905
9897
9640
4591
4546
9552
9512
4486
4480
9453
4405
4400
9392
4362
4361
4342
9262
6995
9199
9192
6937
9136
4217
9066
4175
4151
4114
6822
4041
4003
6776
6692
6676
6587
6582
6574
6348
6197
6113
8998
8993
8950
8884
8859
3906
3848
8559
3791
8486
8405
3683
3674
3665
8322
3620
3546
8241
8226
8166
8125
3467
3462
8082
8055
5800
5771
5761
2488
5756
3398
2454
3341
3334
3332
3313
5670
5640
5631
3276
5541
3181
5487
5466
5460
5446
5437
5421
2298
3058
5331
5310
2171
5275
5270
2140
5247
2136
2108
5147
5134
5133
5122
2089
2047
7945
7933
7920
7895
7741
7698
7677
7667
7665
0704
7580
0541
0509
7488
7476
0484
0462
0432
0427
7426
0412
1920
1914
7373
0309
1865
1859
1839
1828
1825
0231
7246
1796
0152
1770
1741
1722
7107
2867
7025
7011
1677
0069
2825
0037
0032
0019
1603
1563
2765
1541
4864
1401
4755
1392
1390
1371
1363
2572
4688
2556
9955
9948
1327
4627
1406
1328
1318
1311
1291
1285
1272
1240
2452
2439
2374
1170
1147
2217
1113
2137
4846
1060
2075
1054
4670
2045
2021
4505
4334
4331
4205
4042
4000
7380
0925
0915
0911
0816
0813
0804
3504
3452
0685
0652
0611
0605
0595
6231
0522
0516
3068
9659
9001
5642
5633
1854
1843
1840
0213
8866
1801
8727
5288
5280
0125
8605
2868
2837
5034
1609
8295
8288
2795
2767
1573
0020
0008
2600
0357
0729
0927
1139
1522
1712
1760
1929
2277
2351
2785
3555
3755
3811
4560
5391
5407
5422
5451
5622
6456
6965
7009
7592
8156
9789
0190
0093
0160
5266
1799
2639
2417
9712
2200
9406
9315
9299
9092
6512
6283
6213
8909
3432
5997
5976
3177
3107
3103
3047
5160
5143
5078
1813
2942
0080
7427
1505
2745
2688
4624
2515
1305
1302
1282
2369
2326
2046
1095
4789
7557
4248
7342
7012
3568
9405
0628
3151
6180
8934
8785
2945
5507
2894
5393
5197
1544
5067
2684
1508
2605
0061
0207
0246
0442
0520
0721
0801
0973
1064
1074
1340
1375
1500
1628
1633
1650
2099
2143
2161
2184
2199
2245
2428
2739
2911
2949
2955
2970
3052
3079
3217
3311
3418
4047
4108
4250
4389
4527
4567
4660
4769
4887
4991
5086
5268
5587
6425
6444
6468
6577
6621
6663
7007
7108
7179
7374
7781
7891
7893
7926
8256
8394
8648
8786
8910
9080
9878
1174
2278
3323
3369
3647
5847
8791
0001
0059
0079
0119
0142
0159
0183
0209
0251
0267
0316
0333
0375
0387
0464
0481
0494
0505
0515
0556
0561
0596
0612
0663
0713
0714
0771
0806
0900
0906
0908
0918
0924
0929
0933
1019
1033
1097
1148
1181
1204
1249
1283
1293
1303
1349
1378
1387
1404
1408
1419
1441
1451
1481
1566
1575
1593
1596
1610
1624
1721
1740
1772
1786
1885
1906
2015
2023
2031
2070
2117
2246
2250
2281
2297
2316
2325
2358
2367
2377
2392
2420
2441
2458
2467
2476
2495
2560
2561
2578
2645
2674
2721
2735
2797
2804
2807
2809
2823
2827
3050
3066
3124
3175
3180
3247
3258
3266
3303
3316
3526
3559
3715
3866
3890
4157
4187
4188
4208
4254
4304
4351
4397
4404
4481
4488
4511
4556
4564
4590
4626
4644
4650
4681
4765
4792
4821
4842
4904
4962
4981
5038
5124
5175
5233
5255
5257
5324
5350
5370
5371
5377
5382
5428
5482
5491
5496
5535
5537
5568
5590
5639
5767
5805
5821
5853
5884
5978
6053
6122
6172
6238
6314
6390
6446
6548
6556
6667
6742
6758
6783
7001
7074
7114
7121
7205
7243
7248
7337
7340
7504
7579
7710
7766
7779
7788
7848
7861
7901
7906
8045
8046
8050
8100
8114
8162
8235
8325
8417
8436
8472
8526
8586
8758
8765
8850
8858
8903
9097
9107
9127
9345
9688
9701
9720
9800
9831
0081
0100
0135
0323
0440
0491
0789
0794
0981
1006
1241
1304
1452
1652
1684
1737
1861
2053
2220
2252
2262
2483
2485
2524
2569
2686
2972
3003
3099
3143
3172
3241
3501
3591
3645
3838
3886
4010
4080
4302
4499
4502
4613
4744
4754
4865
4955
4957
5129
5168
5190
5240
5244
5253
5321
5468
5478
5624
5712
5969
6015
6247
6318
6501
6810
7117
7229
7699
7785
7799
8168
8491
8527
8554
8555
8889
8941
8961
8978
9172
9228
9633
9669
9710
9842
9938
8795
2466
9252
3896
3271
9944
8828
9996
3007
1396
1289
1237
2602
0164
0526
1323
2884
6077
6665
7581
7372
6369
6149
9626
4781
6020
8848
6223
1393
2646
0219
3514
2133
2041
4068
4245
4700
0244
0914
0095
0075
0959
0050
9976
9909
9858
9753
9691
9601
9494
9491
9488
9193
8926
8668
8575
8478
8396
8374
8345
8311
8151
8131
7843
7787
7778
7765
7666
7642
7575
7416
7154
7129
6972
6915
6889
6884
6473
6453
6443
6410
6277
5808
5646
5605
5509
5465
5455
5453
5238
4911
4910
4903
4869
4814
4811
4675
4664
4553
4550
4513
4484
4431
4267
4255
4231
4190
3891
3881
3792
3769
3754
3616
3550
3443
3401
3390
3373
3350
3142
3092
2982
2856
2784
2725
2693
2543
2455
2450
2413
2395
2327
2285
2275
2232
2206
2134
2115
2071
1857
1790
1753
1648
1636
1588
1524
1435
1362
1353
0666
0418
9524
9292
9024
8437
8395
8360
8217
8164
8107
8089
7880
7850
7808
7651
7650
7420
7318
7224
7174
7053
7051
7044
7029
6911
6558
6534
6408
6304
5922
5689
5671
5658
5607
5574
5464
5419
5356
5320
5198
5172
5070
4935
4932
4872
4830
4773
4713
4630
4620
4587
4407
4280
4251
4153
4103
3738
3697
3405
3083
2874
2760
2728
2707
2668
2659
2656
2614
2570
2475
2431
2376
2348
2324
2311
2237
1930
1891
1868
1864
1848
1817
1807
1613
1320
1317
1278
1276
1239
1088
1059
1044
0873
0719
0690
0651
0568
0535
0523
0479
0413
0411
0347
0242
0215
0134
1860
6033
0016
0017
0151
0170
0173
0181
0200
0263
0283
0320
0329
0406
0426
0463
0472
0531
0551
0570
0600
0896
0910
0917
1035
1055
1077
1188
1195
1251
1398
1409
1443
1489
1514
1622
1640
1642
1649
1736
1870
1887
1897
2052
2123
2125
2146
2150
2196
2216
2253
2293
2350
2359
2372
2397
2457
2521
2539
2589
2590
2623
2638
2677
2691
2727
2747
2757
2792
2855
2864
2886
2899
2902
3051
3056
3120
3144
3170
3178
3291
3304
3325
3343
3404
3423
3436
3472
3475
3524
3561
3575
3581
3638
3646
3657
3741
3782
3844
3883
3894
3916
4012
4128
4230
4256
4366
4473
4478
4483
4503
4532
4596
4870
4890
4914
4936
4965
4988
5022
5030
5047
5065
5084
5158
5214
5229
5231
5234
5308
5335
5339
5385
5433
5495
5514
5539
5600
5641
5724
5861
5932
5995
6003
6009
6035
6087
6114
6144
6146
6154
6156
6162
6225
6232
6259
6326
6337
6422
6424
6588
6601
6618
6644
6765
6781
6885
6902
6981
6986
6988
7014
7072
7132
7259
7350
7522
7601
7611
7613
7623
7656
7664
7682
7686
7711
7712
7719
7722
7750
7760
7774
7775
7793
7816
7876
7900
7931
8116
8158
8225
8266
8353
8354
8384
8410
8414
8420
8457
8476
8525
8530
8673
8688
8721
8772
8877
8879
8882
8954
8962
9006
9014
9023
9052
9114
9187
9243
9253
9264
9378
9479
9570
9574
9653
9690
9692
9754
9765
9775
9822
9855
9901
9906
9910
9914
9917
9922
9974
9886
9881
9865
9853
9844
9833
9799
9746
9649
4598
9639
9614
4529
9583
9514
9500
4496
4489
9493
9482
4471
9474
9469
9411
9304
4376
9297
9277
9248
9231
9224
6985
6978
4258
4252
9171
9154
4226
6931
9125
6907
9042
9016
9005
4159
6888
6886
6862
6856
4095
4070
4057
4046
4044
6732
6725
6711
6687
6671
6646
6616
6400
6386
6246
6226
6182
6177
6174
6121
6040
6006
6001
8966
8905
8883
8873
8825
8802
8776
8755
8750
8732
3997
3968
3961
3946
3937
8692
8687
3911
3905
8654
8647
3885
3879
3865
3851
3840
3839
3822
3819
3813
8513
3785
3764
8473
3748
3744
8461
8416
8409
3680
8369
8365
8355
8343
8328
3632
8318
3624
8281
8268
8245
8224
3521
3513
5972
8206
8186
8182
8149
8140
8105
5890
8102
2506
5844
3441
3440
8056
5827
3435
5819
8047
8040
5801
5797
5779
5770
2482
3397
5710
5701
5700
2443
3330
2427
3305
5666
5636
3296
3293
3281
3265
3264
5584
3229
5575
3220
2391
2379
3205
5552
5545
5530
2344
3193
3188
2331
3174
5475
3118
5436
5424
3085
5413
2290
2266
3008
5362
2186
2185
2170
2167
5283
5274
5272
5267
5265
2148
5261
5251
5226
5220
5179
5171
5169
5159
5135
5119
2025
5010
5007
5003
7989
7960
7860
0985
0967
0949
0940
0926
7773
7771
7752
7743
7728
0838
0827
0822
7668
0778
0773
7621
0715
0689
0642
0627
7537
7525
7518
0549
0537
7497
0478
0452
0434
7451
7447
7435
7423
0419
0350
0336
7360
1902
7331
7328
1852
0266
0259
0254
0249
0232
7293
0206
2956
0194
1792
7242
0172
2931
1783
2925
0157
1764
2916
1763
7215
0127
1734
1733
1723
0107
7122
7118
2891
7049
2841
0064
7002
0049
2817
1644
1621
1618
4987
4967
4960
4959
1587
1577
4926
2786
2782
1562
2777
2773
2770
1537
1536
2742
2723
2711
4893
4883
4859
4855
4832
4823
4800
2640
4723
1389
1385
2584
1360
4693
1346
4668
4651
9951
9950
4634
9942
4612
9916
9912
1294
1199
1146
1145
2291
2105
1090
1049
1046
7659
4031
7468
7456
7322
7304
7273
7212
7169
3969
3939
0820
3618
0603
6311
6272
6201
0521
3139
9825
0507
9522
5920
5886
1889
1853
0269
8901
8856
1766
2950
0129
5177
2905
2888
5051
0106
0099
8163
0024
2628
0587
0798
0919
1081
1449
1586
1611
1615
1768
1833
1879
2147
2282
2647
2708
2800
3042
3222
3233
3456
3508
3558
3570
3734
3841
4310
4326
4520
5173
5380
5677
5878
5881
6045
6124
6221
6302
6454
6604
6949
7110
7357
7585
7629
7791
7811
8350
8679
8853
8921
8968
9121
9285
9435
9540
9600
9629
9763
9915
7905
0576
0177
0124
0028
2407
4580
9780
9734
4418
4410
4289
4237
4193
9420
4104
9394
9354
9317
6958
6832
9160
2067
9137
9117
6727
9077
9054
9034
9029
6631
6614
6517
6478
6385
6325
6287
6224
6186
6171
6140
6038
6031
6021
6011
3929
3918
3799
8960
3771
8892
3588
3579
3497
3479
3465
3463
8558
8475
8444
8401
0986
3268
8203
5952
5885
3173
5876
8095
8086
8068
5831
5780
5762
3104
3023
5542
0606
5245
5210
1858
5094
7953
7883
7827
7697
1520
7285
7197
7103
7088
4961
4958
4934
2608
1394
4851
4720
2533
4622
4615
1287
1273
1176
1153
0830
3828
3737
3712
6362
3080
3073
0321
1583
0053
0057
0198
0225
0352
0458
0635
0706
0745
0916
1344
1507
1655
1720
1788
1820
1886
2051
2056
2096
2269
2333
2429
2451
2529
2753
2826
2854
2865
3021
3185
3203
3327
3335
3370
3439
3446
3492
3572
3617
3644
3821
3823
3900
4136
4223
4298
4306
4346
4432
4443
4476
4535
4548
4658
4702
4721
4761
4822
4824
4861
4919
5074
5130
5131
5152
5194
5260
5297
5317
5357
5410
5565
5616
5647
5661
5723
5733
5825
5866
5870
5893
5945
6106
6168
6200
6216
6234
6266
6282
6294
6339
6344
6375
6413
6431
6448
6451
6591
6603
6660
6770
6861
6952
6968
6997
7018
7141
7266
7286
7308
7415
7663
7688
7747
7759
7769
7789
7936
7962
7993
8292
8298
8389
8462
8467
9017
9110
9112
9149
9174
9214
9251
9431
9448
9477
9495
9582
9628
9714
9862
9867
0003
0027
0031
0046
0072
0083
0088
0104
0120
0131
0146
0180
0182
0205
0226
0230
0237
0238
0241
0252
0273
0285
0289
0297
0301
0308
0313
0322
0341
0342
0362
0374
0399
0416
0431
0466
0510
0529
0572
0588
0620
0624
0626
0668
0699
0726
0744
0758
0766
0772
0783
0788
0825
0826
0878
0882
0887
0903
0923
0947
0966
0991
1038
1042
1056
1061
1068
1141
1167
1261
1284
1307
1315
1348
1358
1376
1380
1416
1418
1434
1439
1454
1460
1490
1523
1526
1528
1530
1540
1550
1567
1612
1632
1643
1670
1703
1726
1730
1739
1743
1762
1774
1781
1798
1829
1838
1845
1847
1876
1890
1893
1894
1904
1924
2016
2017
2027
2032
2044
2050
2054
2061
2064
2152
2162
2169
2179
2198
2256
2286
2320
2329
2356
2361
2383
2389
2418
2456
2471
2480
2500
2523
2530
2531
2534
2571
2577
2579
2585
2607
2609
2629
2633
2644
2669
2679
2703
2716
2819
2822
2843
2859
2870
2889
2906
2913
2983
3018
3019
3025
3033
3045
3054
3096
3100
3163
3168
3182
3191
3192
3195
3202
3207
3208
3215
3219
3228
3254
3256
3285
3292
3297
3306
3328
3339
3348
3357
3366
3385
3393
3402
3416
3433
3438
3442
3468
3485
3486
3503
3537
3540
3547
3590
3593
3596
3607
3611
3630
3651
3684
3691
3700
3707
3709
3742
3765
3800
3810
3826
3827
3860
3871
3893
3920
3932
3982
3986
3989
4008
4016
4050
4053
4055
4061
4067
4088
4132
4156
4165
4168
4171
4185
4198
4207
4209
4210
4214
4229
4261
4270
4272
4284
4285
4292
4299
4301
4316
4320
4336
4349
4363
4414
4449
4451
4490
4500
4521
4530
4537
4551
4586
4601
4607
4656
4659
4691
4704
4746
4757
4762
4763
4774
4775
4801
4876
4930
4969
4990
5021
5045
5055
5062
5066
5096
5100
5103
5118
5136
5137
5153
5176
5213
5219
5223
5246
5276
5295
5301
5306
5327
5379
5388
5423
5449
5462
5493
5506
5518
5522
5529
5544
5549
5551
5582
5583
5586
5596
5602
5620
5621
5648
5655
5674
5675
5693
5711
5715
5728
5730
5736
5746
5778
5786
5792
5812
5826
5833
5842
5859
5865
5889
5891
5918
5926
5949
5951
5961
5975
5993
6007
6018
6027
6068
6079
6105
6116
6118
6126
6130
6133
6155
6157
6185
6192
6202
6210
6218
6229
6245
6251
6305
6307
6329
6336
6373
6376
6441
6445
6466
6467
6474
6485
6509
6518
6536
6561
6571
6573
6585
6605
6622
6624
6640
6649
6679
6680
6700
6721
6730
6744
6756
6774
6778
6788
6801
6809
6834
6840
6851
6868
6891
6913
6919
6923
6936
6953
7013
7030
7079
7089
7094
7116
7144
7155
7165
7166
7211
7230
7299
7312
7323
7332
7346
7371
7377
7386
7387
7418
7438
7439
7466
7472
7513
7550
7558
7567
7584
7619
7633
7644
7695
7701
7708
7721
7724
7725
7742
7748
7757
7803
7804
7825
7852
7928
7977
7983
8001
8014
8018
8034
8066
8070
8076
8084
8091
8098
8108
8123
8126
8128
8135
8150
8155
8160
8210
8248
8250
8255
8278
8302
8361
8371
8400
8434
8468
8508
8515
8524
8537
8565
8566
8593
8613
8614
8645
8669
8671
8700
8701
8710
8716
8747
8783
8799
8801
8818
8839
8855
8870
8890
8893
8896
8898
8945
8946
8964
9009
9028
9076
9100
9102
9115
9116
9128
9139
9155
9201
9241
9242
9267
9273
9314
9332
9333
9351
9353
9362
9363
9449
9476
9489
9499
9518
9521
9542
9569
9608
9637
9658
9663
9673
9676
9695
9703
9707
9745
9751
9773
9786
9854
9857
9871
9888
9918
9946
9958
9959
9962
9963
9979
9980
0777
1676
3396
6702
8836
6494
6717
5296
8599
4133
0894
9622
9263
2651
4439
8077
1662
7226
9382
3114
1716
6236
2107
2087
6081
8913
8218
3240
5404
7345
9885
0708
4931
9811
9772
9740
4589
4150
4106
1431
4015
6525
6355
1892
3134
3455
4037
7238
7572
7655
8800
3077
0995
0983
0951
0874
0866
0858
0734
0732
0728
0660
0544
0460
0443
0436
0392
0344
0343
0332
0928
0327
0272
0268
0248
0243
0823
0422
0133
0121
0098
0089
0078
0755
0307
0158
0698
0818
0814
0839
0469
0044
0052
0456
0148
0897
0045
0889
0608
0077
0817
9995
9975
9971
9973
9954
9953
9931
9925
9899
9890
9866
9863
9861
9852
9834
9813
9805
9768
9767
9760
9713
9697
9689
9678
9674
9656
9655
9645
9643
9634
9631
9612
9611
9596
9587
9543
9536
9511
9498
9468
9462
9415
9413
9407
9403
9384
9371
9368
9365
9348
9330
9331
9310
9302
9300
9288
9266
9246
9244
9235
9215
9210
9202
9200
9195
9182
9179
9168
9146
9141
9130
9123
9105
9103
9099
9091
9087
9045
9027
9015
9008
9007
8999
8997
8996
8990
8988
8987
8977
8973
8929
8918
8911
8900
8895
8867
8862
8833
8830
8829
8824
8798
8760
8754
8743
8720
8702
8681
8677
8676
8665
8664
8657
8653
8649
8644
8623
8608
8598
8595
8591
8580
8579
8577
8570
8556
8516
8511
8510
8509
8481
8482
8451
8442
8439
8425
8413
8392
8379
8375
8349
8321
8316
8308
8276
8267
8265
8259
8254
8246
8228
8212
8201
8199
8181
8174
8170
8127
8118
8081
8074
8073
8021
7995
7994
7991
7973
7970
7966
7925
7882
7881
7879
7851
7844
7836
7824
7823
7798
7795
7784
7782
7770
7764
7762
7758
7756
7745
7731
7727
7703
7702
7681
7678
7671
7669
7648
7643
7640
7612
7598
7548
7531
7526
7520
7519
7487
7455
7448
7434
7413
7402
7392
7361
7358
7353
7334
7302
7298
7297
7290
7284
7280
7270
7256
7241
7237
7234
7231
7227
7216
7214
7213
7196
7187
7186
7173
7159
7148
7112
7064
7062
7047
7027
7015
7010
7003
6980
6971
6961
6960
6956
6951
6943
6928
6918
6914
6905
6896
6874
6872
6870
6843
6821
6817
6800
6784
6779
6777
6771
6748
6741
6737
6707
6691
6686
6685
6664
6662
6635
6620
6617
6611
6583
6580
6563
6543
6532
6516
6514
6502
6504
6479
6475
6436
6396
6377
6371
6357
6333
6316
6312
6298
6291
6280
6270
6262
6256
6254
6211
6196
6194
6188
6181
6169
6167
6164
6160
6143
6141
6132
6109
6096
6098
6090
6084
6075
6069
6012
5999
5991
5981
5958
5953
5929
5894
5892
5872
5840
5818
5813
5777
5763
5760
5686
5673
5625
5614
5591
5570
5562
5560
5561
5558
5556
5528
5521
5503
5499
5481
5480
5477
5476
5452
5444
5427
5415
5375
5346
5348
5330
5323
5304
5290
5285
5282
5281
5273
5242
5227
5215
5208
5191
5189
5184
5182
5156
5154
5125
5114
5112
5113
5053
5040
5032
5016
5014
5011
5005
4994
4997
4985
4979
4972
4949
4946
4942
4933
4922
4913
4898
4899
4866
4858
4854
4841
4834
4831
4826
4813
4806
4786
4784
4776
4772
4766
4733
4726
4722
4719
4715
4685
4673
4655
4654
4649
4641
4635
4633
4603
4602
4562
4559
4557
4533
4528
4516
4506
4459
4447
4445
4429
4427
4402
4386
4383
4375
4355
4353
4352
4341
4337
4327
4303
4294
4279
4276
4275
4266
4253
4246
4224
4177
4162
4134
4126
4091
4081
4065
4054
4043
4021
4020
4018
4017
4013
3981
3984
3972
3974
3967
3964
3951
3943
3940
3924
3884
3875
3864
3845
3843
3796
3789
3781
3756
3727
3724
3704
3698
3695
3688
3679
3667
3663
3625
3606
3604
3557
3556
3543
3542
3519
3517
3512
3477
3469
3459
3454
3451
3422
3406
3403
3392
3384
3380
3372
3345
3331
3320
3317
3315
3282
3279
3267
3250
3204
3199
3196
3198
3194
3184
3166
3160
3154
3145
3140
3130
3129
3105
3090
3081
3063
3017
3013
2990
2979
2973
2967
2962
2944
2939
2936
2927
2926
2924
2918
2890
2878
2875
2876
2872
2846
2834
2832
2831
2794
2775
2752
2751
2736
2726
2724
2722
2713
2709
2682
2672
2643
2642
2641
2631
2630
2613
2596
2593
2587
2568
2566
2555
2527
2487
2481
2462
2440
2438
2437
2385
2381
2370
2362
2349
2346
2334
2330
2328
2318
2315
2292
2284
2280
2263
2241
2189
2180
2181
2166
2158
2141
2119
2104
2095
2090
2049
2036
2029
2018
1938
1926
1888
1878
1877
1851
1836
1837
1835
1834
1811
1797
1775
1767
1765
1761
1757
1754
1747
1742
1729
1728
1724
1719
1696
1681
1672
1665
1654
1651
1638
1620
1571
1564
1558
1552
1545
1539
1534
1531
1529
1504
1496
1494
1487
1463
1450
1444
1426
1417
1388
1381
1370
1352
1343
1330
1190
0905
0700
0670
0647
0610
0609
0590
0367
0299
0116
9990
9978
9832
9654
9513
9410
9395
9372
9217
9093
8686
8484
8188
8169
8080
8024
8015
8010
7755
7700
7645
7571
7210
7135
7083
6910
6906
6877
6797
6785
6606
6452
6212
5554
5532
5461
5305
5110
4718
4180
4006
3797
3783
3773
3721
3577
3500
3278
3210
3069
3046
2966
2912
2634
2520
2492
2460
2433
2415
2400
2127
1855
1856
1849
1699
1641
1606
1600
1585
1584
1557
1400
1322
1309
1280
1260
1257
1242
1197
1196
1193
1182
1180
1178
1171
1164
1160
1158
1157
1149
1140
1137
1087
1085
1083
1062
1043
1041
1039
1036
1034
1018
0930
0920
0902
0831
0819
0802
0731
0722
0451
0423
0421
0328
0223
0122
2695
2694
2683
2680
2667
2660
2654
2649
2620
1465
2595
2583
2573
2559
2551
2550
2538
2464
2448
2446
2419
2414
2403
2394
2373
2360
2347
4973
4952
4948
4945
4941
4908
7944
4892
4886
4885
4882
7904
4862
4860
4850
4847
4844
4840
4835
1297
4819
4815
7892
7885
7884
2268
2260
4795
4793
4779
2254
7865
7859
7858
7854
4751
4748
7838
7834
4740
4728
4712
4707
4705
4683
4680
4669
4663
4647
4618
4609
4605
4597
4593
4588
7729
4583
7713
7709
7704
4558
2183
2178
2174
4526
4522
2165
7673
7670
4508
4501
7636
7632
7610
7602
4472
4458
2118
7595
7594
7541
4408
7534
7524
7514
7509
4390
7503
4379
4377
4370
4367
4365
7493
7490
4339
7478
7471
7469
4307
7452
7450
2086
2083
7432
7425
2063
2057
7403
4290
7398
7393
4271
7369
7368
7367
7366
4263
7359
4259
4257
7324
7306
4218
7292
7289
7279
7278
7269
7251
7250
7245
4179
4164
4160
4146
7218
4138
4135
7202
4115
4107
7194
7164
4097
7131
4085
7125
4078
4075
4074
4069
4063
4062
4059
4036
4032
4028
4022
7098
4014
7095
7085
4007
7078
7075
7073
7065
7063
7058
7055
7045
7043
6893
1086
6845
6805
1057
6790
9960
3807
3776
3762
3761
3745
6570
9841
3676
3640
3623
6470
6460
3598
3597
3580
6414
9783
3564
6409
6402
3538
9743
6370
9718
3502
6350
9705
9641
3464
6268
9602
6250
3428
3424
3408
3407
9473
9464
9457
9450
9421
0953
9376
9337
6041
3257
3251
3237
0870
0861
0859
0853
0844
0842
0805
3171
3161
3138
9078
9073
9059
0774
0767
0764
0730
5980
0709
3028
0688
0680
0672
0667
0657
0654
0632
0629
0625
5857
5838
5804
5793
0586
5758
5748
5745
5744
5743
5740
0562
0557
5735
0552
5729
0548
5720
5650
5643
8894
5610
5606
0497
0487
0485
0483
0474
0473
0468
5598
0457
5578
5573
8834
5543
8797
8793
0407
8744
8742
8729
5498
5497
5494
5490
8712
8705
5479
8703
5471
0397
0383
0372
0363
0348
5442
5441
5434
8667
5430
8650
5418
8640
8638
5412
5408
8624
5397
5394
5369
8587
5358
8574
8564
5349
5347
8553
8552
8546
8538
8534
8532
5329
8514
8512
5318
8506
8505
8502
8501
0294
1784
8494
8492
8483
8480
0262
8479
0261
8470
8464
8460
8454
8450
8443
5264
8407
8406
8402
5237
5235
5232
8382
5221
8372
8347
8342
8335
8329
2978
8326
8323
8319
2954
8310
8305
8304
2930
1679
5162
5157
1657
5142
0175
8264
8260
0168
0167
0163
8243
1634
8237
8230
8227
5105
5104
2897
2893
2880
2863
2860
5095
5093
5083
2845
5072
2839
2838
5061
8154
5048
5037
5036
2818
2815
5019
8094
8085
8071
1548
8049
8048
8023
2761
0068
2718
2715
2710
1498
1497
1569
6397
8715
0009
1547
1568
1782
6148
8816
9177
9770
6058
0770
7888
7111
9947
7934
0542
9178
3675
8759
1707
2882
9929
1319
7383
2103
0810
8290
0108
0002
0004
0005
0010
0014
0018
0021
0023
0025
0026
0029
0030
0033
0034
0036
0038
0039
0041
0042
0043
0047
0051
0054
0056
0058
0060
0062
0063
0065
0066
0067
0071
0073
0076
0082
0084
0085
0086
0087
0090
0091
0092
0094
0096
0097
0111
0114
0117
0126
0130
0132
0136
0137
0138
0139
0141
0144
0145
0154
0155
0161
0162
0165
0166
0169
0171
0174
0176
0185
0186
0187
0188
0189
0195
0196
0197
0199
0227
0229
0233
0234
0235
0236
0239
0240
0245
0247
0253
0255
0256
0257
0260
0264
0270
0271
0274
0275
0276
0277
0278
0279
0280
0281
0282
0284
0286
0287
0290
0291
0292
0293
0295
0296
0298
0300
0306
0310
0315
0319
0334
0335
0338
0339
0340
0345
0346
0349
0351
0353
0354
0355
0356
0358
0359
0360
0361
0364
0365
0366
0368
0370
0371
0373
0376
0377
0378
0379
0380
0381
0382
0384
0386
0388
0389
0390
0391
0393
0394
0395
0396
0398
0400
0403
0409
0433
0435
0437
0438
0439
0441
0444
0445
0446
0447
0448
0449
0453
0454
0455
0459
0461
0465
0467
0470
0471
0475
0476
0477
0480
0482
0488
0489
0490
0492
0495
0496
0498
0499
0500
0519
0527
0532
0534
0538
0539
0540
0543
0545
0547
0553
0554
0555
0558
0559
0560
0563
0564
0565
0566
0567
0569
0571
0573
0574
0575
0577
0579
0580
0581
0582
0583
0584
0585
0589
0591
0592
0593
0594
0597
0598
0607
0613
0614
0615
0622
0631
0633
0634
0636
0637
0638
0639
0640
0641
0643
0644
0645
0646
0648
0649
0650
0653
0655
0656
0658
0659
0661
0662
0664
0665
0669
0671
0673
0674
0675
0676
0677
0678
0679
0681
0682
0683
0684
0686
0687
0691
0692
0693
0694
0695
0696
0697
0703
0717
0718
0720
0723
0724
0725
0727
0733
0735
0736
0738
0739
0740
0741
0742
0743
0746
0747
0748
0749
0750
0751
0752
0753
0754
0756
0757
0759
0760
0761
0762
0763
0765
0768
0769
0775
0776
0779
0780
0781
0782
0784
0785
0786
0787
0790
0792
0793
0795
0796
0797
0799
0800
0803
0807
0821
0832
0833
0834
0835
0836
0837
0840
0841
0843
0845
0846
0847
0848
0849
0850
0851
0854
0855
0856
0857
0860
0862
0863
0865
0867
0868
0869
0871
0872
0875
0876
0877
0879
0883
0885
0886
0888
0890
0892
0893
0895
0899
0904
0913
0921
0922
0931
0932
0934
0935
0936
0937
0938
0939
0941
0942
0943
0944
0945
0946
0948
0950
0954
0955
0956
0957
0958
0960
0961
0962
0963
0964
0965
0968
0969
0970
0971
0972
0974
0975
0976
0977
0978
0979
0980
0982
0984
0988
0989
0992
0993
0994
0996
0997
0998
0999
1032
1045
1048
1051
1053
1065
1067
1070
1071
1073
1079
1082
1084
1089
1091
1093
1094
1096
1098
1131
1135
1142
1152
1155
1156
1162
1163
1165
1166
1168
1169
1172
1173
1175
1179
1183
1186
1191
1194
1246
1247
1255
1262
1263
1266
1267
1270
1271
1274
1279
1281
1286
1288
1292
1295
1300
1316
1329
1334
1336
1338
1339
1347
1350
1354
1359
1361
1364
1365
1366
1368
1372
1377
1382
1383
1386
1391
1395
1399
1407
1413
1424
1430
1436
1446
1447
1448
1455
1456
1457
1459
1466
1467
1468
1474
1475
1476
1477
1479
1480
1482
1483
1484
1485
1486
1491
1499
1502
1503
1509
1517
1518
1521
1538
1543
1549
1556
1560
1565
1570
1576
1578
1579
1581
1589
1591
1592
1594
1597
1607
1614
1623
1625
1629
1630
1635
1637
1639
1645
1647
1653
1658
1659
1663
1666
1667
1668
1671
1673
1674
1678
1682
1683
1685
1686
1687
1688
1689
1690
1692
1693
1694
1697
1698
1700
1702
1705
1713
1714
1715
1731
1738
1744
1745
1746
1748
1749
1750
1751
1752
1755
1756
1758
1759
1769
1773
1777
1778
1779
1785
1787
1791
1794
1795
1803
1809
1814
1815
1816
1819
1826
1827
1830
1831
1832
1841
1846
1862
1863
1866
1867
1869
1871
1872
1873
1875
1882
1883
1895
1898
1899
1915
1927
1931
1935
2014
2024
2028
2033
2034
2035
2037
2038
2039
2042
2043
2055
2059
2065
2066
2068
2069
2072
2073
2074
2076
2077
2078
2081
2082
2084
2088
2091
2092
2094
2097
2098
2102
2113
2120
2126
2130
2135
2139
2145
2149
2151
2153
2154
2156
2159
2160
2163
2168
2172
2173
2175
2176
2177
2182
2190
2191
2193
2194
2195
2197
2214
2225
2226
2228
2230
2238
2239
2240
2247
2251
2258
2259
2261
2265
2270
2271
2272
2273
2279
2283
2289
2295
2296
2299
2302
2304
2308
2310
2319
2335
2336
2338
2339
2352
2353
2363
2364
2365
2368
2375
2382
2386
2387
2388
2390
2393
2396
2399
2405
2410
2416
2426
2430
2432
2434
2435
2436
2445
2459
2461
2463
2470
2472
2473
2474
2484
2489
2490
2491
2493
2496
2497
2498
2499
2514
2517
2518
2519
2532
2536
2537
2540
2542
2545
2546
2547
2549
2553
2557
2562
2563
2574
2575
2576
2581
2586
2588
2591
2592
2594
2597
2598
2601
2603
2604
2612
2615
2616
2617
2618
2621
2622
2624
2625
2632
2636
2637
2648
2650
2652
2653
2655
2657
2658
2664
2666
2670
2671
2673
2675
2676
2681
2685
2689
2690
2692
2696
2697
2699
2700
2704
2706
2712
2714
2717
2719
2720
2730
2731
2732
2733
2734
2738
2740
2743
2748
2749
2750
2755
2756
2758
2759
2762
2763
2764
2768
2771
2776
2778
2779
2780
2781
2783
2787
2788
2789
2790
2791
2796
2798
2799
2801
2803
2805
2812
2813
2814
2816
2820
2821
2829
2833
2835
2836
2842
2844
2847
2849
2850
2851
2852
2853
2857
2858
2861
2862
2866
2869
2871
2873
2877
2879
2881
2883
2885
2887
2895
2896
2898
2903
2914
2915
2917
2919
2920
2921
2922
2923
2928
2933
2934
2935
2937
2938
2940
2943
2946
2947
2948
2951
2952
2953
2957
2959
2960
2961
2963
2964
2965
2968
2969
2971
2974
2975
2976
2977
2980
2981
2984
2985
2987
2988
2989
2992
2993
2994
2995
2996
2997
2998
2999
3002
3009
3012
3014
3016
3020
3022
3024
3026
3027
3029
3031
3034
3035
3036
3037
3038
3039
3040
3041
3043
3044
3048
3049
3053
3055
3057
3059
3060
3061
3062
3064
3065
3067
3070
3071
3072
3074
3075
3076
3078
3082
3084
3086
3087
3088
3089
3091
3093
3094
3095
3097
3098
3102
3106
3109
3115
3116
3119
3121
3122
3126
3127
3128
3133
3135
3136
3137
3147
3148
3149
3150
3152
3153
3155
3156
3157
3158
3159
3164
3165
3167
3176
3179
3183
3186
3187
3189
3190
3206
3209
3213
3218
3224
3225
3226
3227
3230
3231
3236
3238
3243
3244
3245
3246
3248
3249
3252
3253
3259
3260
3261
3262
3269
3272
3273
3274
3275
3277
3280
3284
3286
3287
3288
3289
3290
3294
3295
3298
3300
3302
3307
3308
3309
3310
3314
3318
3319
3324
3326
3329
3336
3337
3338
3340
3342
3346
3347
3349
3351
3352
3353
3354
3358
3360
3361
3362
3363
3364
3367
3368
3371
3374
3375
3376
3377
3378
3379
3381
3382
3383
3388
3389
3394
3395
3409
3411
3413
3414
3417
3419
3420
3421
3425
3426
3427
3429
3430
3437
3444
3445
3447
3448
3449
3450
3453
3458
3460
3471
3473
3474
3476
3480
3481
3482
3483
3484
3488
3489
3490
3491
3493
3494
3496
3498
3499
3505
3506
3507
3509
3510
3511
3515
3516
3518
3522
3523
3525
3527
3528
3529
3530
3531
3532
3534
3539
3541
3544
3545
3548
3549
3551
3552
3553
3554
3560
3563
3565
3566
3567
3569
3571
3573
3574
3576
3578
3582
3583
3584
3585
3587
3589
3592
3594
3595
3599
3601
3602
3603
3605
3608
3609
3612
3613
3614
3619
3621
3622
3626
3627
3628
3629
3631
3633
3634
3635
3637
3639
3642
3643
3649
3652
3653
3654
3655
3656
3659
3660
3661
3664
3668
3670
3671
3672
3673
3677
3678
3681
3682
3685
3686
3687
3692
3694
3701
3702
3703
3705
3706
3708
3713
3717
3718
3719
3722
3723
3725
3726
3728
3729
3730
3731
3732
3735
3736
3739
3743
3746
3747
3750
3752
3753
3757
3758
3759
3760
3763
3766
3768
3770
3774
3775
3778
3779
3780
3784
3786
3787
3788
3790
3793
3794
3795
3798
3801
3802
3803
3804
3805
3806
3808
3809
3812
3814
3815
3816
3817
3818
3820
3824
3829
3830
3831
3832
3833
3834
3835
3836
3837
3842
3846
3847
3849
3852
3853
3854
3855
3856
3858
3859
3861
3863
3867
3868
3869
3870
3873
3874
3876
3877
3882
3887
3888
3889
3892
3895
3897
3898
3899
3901
3902
3903
3904
3907
3908
3909
3912
3913
3914
3915
3917
3919
3922
3923
3925
3926
3927
3928
3930
3931
3933
3934
3935
3936
3938
3941
3942
3944
3945
3947
3948
3949
3950
3952
3953
3954
3955
3956
3957
3958
3959
3960
3962
3963
3965
3966
3970
3971
3973
3975
3976
3977
3978
3979
3980
3983
3985
3987
3988
3990
3991
3992
3993
3994
3995
3996
3998
3999
4004
4005
4009
4011
4019
4024
4025
4026
4027
4029
4030
4033
4034
4035
4038
4039
4045
4048
4049
4051
4052
4058
4060
4064
4071
4072
4073
4076
4079
4082
4083
4084
4086
4087
4089
4092
4093
4098
4099
4102
4105
4109
4110
4113
4117
4118
4119
4120
4121
4122
4124
4129
4130
4131
4137
4139
4140
4148
4149
4154
4155
4158
4161
4163
4166
4167
4170
4172
4173
4174
4176
4178
4181
4184
4186
4189
4191
4192
4194
4195
4196
4197
4199
4201
4202
4204
4206
4211
4213
4216
4219
4220
4227
4232
4233
4234
4236
4238
4239
4240
4241
4244
4249
4260
4264
4265
4268
4274
4277
4281
4282
4283
4286
4287
4288
4291
4293
4295
4296
4297
4305
4308
4314
4315
4317
4318
4319
4322
4323
4324
4325
4328
4329
4330
4333
4335
4338
4340
4345
4347
4348
4354
4356
4358
4359
4360
4364
4368
4369
4371
4373
4374
4378
4380
4382
4384
4385
4387
4391
4392
4393
4394
4395
4396
4398
4399
4401
4406
4412
4413
4416
4419
4420
4423
4425
4426
4428
4430
4433
4434
4435
4437
4438
4442
4446
4448
4450
4452
4454
4457
4460
4461
4464
4465
4467
4468
4470
4474
4479
4482
4485
4487
4491
4492
4493
4494
4495
4497
4498
4509
4510
4514
4517
4518
4524
4525
4531
4534
4538
4539
4540
4541
4543
4544
4547
4549
4552
4555
4565
4566
4570
4571
4573
4574
4575
4577
4579
4581
4582
4584
4585
4594
4595
4599
4600
4604
4606
4608
4611
4614
4616
4617
4619
4621
4623
4625
4628
4631
4632
4636
4637
4638
4639
4640
4642
4643
4645
4648
4652
4657
4661
4662
4665
4666
4667
4671
4672
4674
4676
4677
4678
4679
4682
4684
4686
4687
4689
4690
4692
4694
4695
4696
4698
4699
4701
4703
4706
4708
4709
4714
4716
4724
4725
4727
4729
4730
4731
4732
4734
4735
4736
4737
4738
4739
4741
4742
4743
4745
4749
4752
4753
4756
4759
4760
4764
4768
4771
4777
4780
4782
4783
4785
4787
4788
4794
4796
4797
4798
4799
4802
4803
4804
4805
4809
4810
4816
4817
4818
4820
4825
4827
4828
4829
4833
4836
4837
4838
4839
4843
4845
4849
4852
4853
4856
4857
4863
4868
4871
4874
4877
4878
4879
4880
4881
4884
4888
4889
4891
4894
4895
4896
4897
4901
4902
4905
4906
4909
4912
4915
4916
4917
4918
4920
4921
4923
4924
4925
4927
4929
4937
4938
4939
4940
4943
4944
4947
4950
4953
4954
4956
4963
4964
4966
4968
4970
4971
4974
4975
4976
4977
4978
4980
4982
4983
4984
4986
4989
4992
4993
4995
4996
4998
4999
5001
5002
5004
5006
5008
5009
5012
5013
5015
5017
5018
5020
5023
5024
5025
5027
5028
5029
5031
5035
5039
5041
5042
5043
5044
5046
5052
5054
5057
5058
5059
5063
5064
5068
5069
5071
5073
5075
5076
5077
5079
5080
5081
5082
5085
5087
5088
5089
5090
5091
5097
5099
5106
5107
5108
5111
5116
5117
5123
5127
5128
5132
5138
5139
5140
5141
5144
5145
5146
5148
5149
5155
5161
5163
5164
5165
5166
5167
5170
5174
5178
5180
5181
5183
5185
5186
5187
5188
5192
5193
5195
5199
5200
5201
5202
5203
5205
5206
5207
5209
5216
5217
5218
5222
5224
5228
5230
5236
5239
5241
5249
5256
5262
5263
5269
5277
5278
5279
5286
5287
5289
5291
5292
5294
5298
5299
5300
5302
5303
5307
5309
5313
5314
5315
5316
5319
5322
5326
5328
5332
5336
5338
5340
5341
5342
5343
5344
5345
5351
5352
5354
5359
5360
5361
5363
5364
5365
5366
5367
5368
5372
5373
5374
5376
5378
5381
5383
5384
5386
5387
5389
5390
5392
5395
5396
5398
5399
5400
5401
5402
5403
5406
5409
5414
5416
5417
5426
5429
5431
5435
5438
5439
5445
5447
5448
5450
5457
5458
5459
5463
5467
5470
5473
5474
5483
5484
5485
5486
5488
5489
5492
5502
5504
5508
5510
5513
5515
5517
5519
5523
5524
5526
5527
5534
5536
5538
5540
5546
5547
5548
5550
5559
5563
5564
5567
5569
5571
5572
5576
5577
5579
5580
5581
5585
5588
5592
5593
5594
5595
5597
5601
5603
5604
5609
5611
5612
5613
5615
5617
5618
5619
5626
5627
5628
5629
5630
5632
5634
5635
5637
5638
5644
5649
5651
5652
5653
5657
5659
5664
5668
5672
5676
5679
5680
5681
5682
5684
5685
5687
5688
5691
5694
5695
5696
5697
5698
5699
5702
5703
5704
5705
5706
5707
5708
5709
5713
5716
5717
5718
5719
5721
5722
5725
5726
5727
5731
5732
5734
5737
5738
5739
5741
5742
5747
5749
5750
5751
5752
5753
5754
5755
5759
5764
5765
5766
5768
5769
5772
5773
5774
5776
5781
5782
5783
5784
5785
5787
5788
5789
5790
5791
5794
5795
5796
5798
5799
5802
5803
5806
5807
5809
5810
5811
5814
5815
5816
5817
5820
5823
5824
5828
5829
5830
5832
5834
5835
5836
5837
5839
5841
5843
5845
5846
5848
5849
5851
5852
5855
5856
5860
5862
5863
5867
5868
5869
5871
5873
5875
5877
5879
5880
5883
5887
5888
5896
5897
5898
5899
5900
5901
5902
5903
5904
5905
5906
5907
5908
5909
5910
5911
5912
5913
5914
5915
5916
5917
5919
5921
5923
5924
5925
5927
5928
5930
5931
5933
5934
5935
5936
5937
5938
5939
5940
5941
5942
5943
5944
5946
5947
5950
5954
5955
5956
5957
5960
5963
5964
5965
5966
5967
5968
5970
5971
5973
5974
5977
5979
5982
5983
5984
5985
5986
5987
5988
5989
5990
5992
5994
5996
5998
6000
6002
6004
6005
6008
6010
6013
6014
6016
6017
6019
6022
6023
6024
6025
6026
6028
6030
6032
6034
6036
6037
6039
6042
6043
6044
6046
6047
6048
6049
6050
6051
6052
6054
6055
6056
6057
6059
6062
6063
6064
6065
6066
6067
6070
6071
6072
6073
6074
6076
6078
6080
6082
6083
6085
6086
6088
6089
6091
6092
6093
6094
6095
6097
6101
6103
6104
6107
6108
6111
6112
6117
6119
6120
6125
6127
6128
6131
6134
6135
6136
6137
6138
6139
6142
6145
6150
6151
6152
6153
6158
6159
6161
6163
6165
6166
6173
6175
6176
6178
6179
6183
6184
6187
6189
6191
6193
6198
6199
6203
6204
6205
6206
6207
6208
6214
6215
6217
6219
6222
6227
6228
6233
6235
6237
6239
6240
6241
6242
6243
6244
6249
6252
6253
6255
6257
6258
6260
6261
6263
6265
6267
6269
6271
6273
6274
6276
6278
6279
6281
6284
6285
6286
6289
6290
6292
6293
6295
6296
6299
6300
6301
6303
6306
6308
6309
6310
6313
6315
6317
6319
6320
6321
6323
6324
6327
6328
6330
6331
6334
6335
6338
6340
6341
6342
6343
6345
6346
6347
6349
6351
6352
6353
6354
6356
6358
6359
6360
6361
6364
6365
6366
6367
6368
6374
6378
6379
6380
6381
6382
6383
6384
6387
6388
6389
6391
6392
6393
6394
6395
6398
6399
6401
6403
6404
6405
6406
6407
6411
6412
6415
6416
6417
6418
6419
6420
6421
6423
6426
6427
6428
6429
6430
6432
6433
6434
6435
6437
6438
6439
6440
6447
6449
6450
6455
6457
6458
6461
6462
6465
6469
6471
6472
6476
6477
6480
6481
6482
6483
6484
6486
6487
6490
6491
6492
6493
6495
6496
6497
6498
6503
6505
6506
6507
6508
6510
6511
6513
6515
6519
6520
6521
6522
6523
6524
6526
6527
6528
6529
6530
6531
6533
6535
6537
6538
6539
6540
6541
6542
6544
6545
6546
6547
6549
6550
6551
6552
6553
6554
6555
6559
6560
6562
6564
6566
6567
6568
6572
6578
6579
6581
6584
6586
6589
6590
6592
6593
6594
6595
6596
6597
6598
6599
6602
6607
6608
6609
6610
6613
6615
6619
6623
6625
6626
6627
6628
6629
6630
6632
6634
6637
6638
6641
6643
6645
6647
6648
6650
6651
6652
6653
6654
6655
6656
6657
6658
6659
6668
6670
6672
6674
6675
6677
6681
6682
6683
6689
6690
6693
6694
6695
6696
6698
6701
6703
6704
6705
6706
6708
6709
6710
6712
6713
6714
6715
6716
6718
6719
6720
6722
6723
6724
6726
6728
6729
6731
6733
6734
6735
6736
6738
6739
6740
6743
6745
6746
6747
6749
6750
6751
6752
6753
6754
6755
6757
6759
6760
6761
6762
6763
6764
6766
6772
6773
6775
6780
6782
6786
6787
6792
6793
6794
6795
6796
6798
6799
6802
6803
6804
6806
6807
6808
6811
6812
6813
6814
6815
6816
6818
6819
6820
6823
6824
6825
6826
6827
6828
6829
6830
6831
6833
6835
6836
6838
6839
6842
6844
6846
6847
6848
6849
6850
6852
6853
6854
6855
6857
6858
6859
6860
6863
6864
6865
6866
6867
6873
6875
6876
6878
6879
6880
6881
6882
6883
6887
6890
6892
6894
6895
6897
6898
6899
6900
6901
6903
6904
6908
6909
6912
6916
6917
6920
6921
6922
6924
6925
6926
6927
6929
6932
6933
6934
6935
6938
6939
6940
6941
6944
6945
6946
6947
6948
6950
6954
6955
6957
6959
6962
6963
6964
6966
6967
6970
6973
6974
6975
6976
6977
6979
6982
6983
6984
6987
6989
6990
6991
6992
6993
6994
6998
6999
7004
7005
7006
7008
7016
7017
7019
7020
7021
7022
7023
7024
7026
7028
7031
7032
7033
7034
7035
7036
7037
7038
7039
7040
7041
7042
7046
7048
7050
7052
7056
7057
7059
7060
7061
7066
7067
7068
7069
7071
7076
7077
7080
7081
7082
7084
7086
7087
7090
7092
7093
7096
7097
7099
7100
7101
7102
7104
7105
7106
7109
7113
7115
7119
7124
7126
7127
7128
7130
7133
7134
7136
7137
7138
7139
7140
7142
7145
7146
7147
7149
7150
7152
7153
7156
7157
7158
7160
7161
7162
7163
7167
7168
7170
7172
7176
7178
7180
7181
7182
7183
7184
7185
7188
7189
7190
7191
7192
7193
7198
7199
7200
7201
7203
7204
7206
7207
7208
7209
7217
7219
7221
7222
7228
7232
7235
7236
7239
7240
7244
7247
7252
7253
7254
7255
7257
7258
7260
7261
7262
7263
7264
7265
7267
7271
7275
7276
7277
7281
7282
7283
7287
7288
7291
7294
7295
7296
7300
7301
7303
7305
7307
7309
7310
7313
7314
7315
7316
7317
7320
7321
7326
7329
7330
7333
7335
7336
7338
7339
7341
7343
7344
7347
7348
7349
7351
7352
7354
7355
7356
7362
7363
7364
7365
7370
7375
7376
7378
7379
7381
7382
7384
7385
7388
7389
7390
7394
7395
7396
7397
7400
7401
7404
7405
7406
7407
7408
7409
7411
7412
7414
7417
7421
7422
7424
7429
7430
7431
7433
7436
7437
7440
7441
7442
7443
7444
7445
7446
7449
7453
7457
7459
7460
7461
7462
7463
7464
7465
7467
7470
7473
7477
7479
7480
7481
7482
7483
7484
7485
7486
7489
7491
7494
7496
7498
7499
7500
7501
7505
7506
7508
7510
7511
7512
7515
7516
7517
7521
7523
7527
7528
7529
7532
7533
7536
7538
7539
7540
7542
7543
7544
7545
7546
7547
7551
7552
7553
7555
7556
7559
7560
7561
7562
7563
7564
7565
7566
7568
7569
7570
7573
7574
7576
7577
7578
7582
7583
7586
7587
7588
7589
7590
7591
7593
7596
7597
7599
7600
7603
7604
7605
7606
7607
7608
7609
7614
7615
7616
7617
7618
7620
7622
7624
7626
7627
7628
7630
7631
7634
7635
7637
7638
7639
7646
7647
7649
7652
7653
7657
7658
7660
7661
7662
7672
7674
7675
7679
7680
7683
7684
7687
7690
7691
7692
7694
7696
7705
7706
7707
7714
7715
7716
7717
7718
7720
7723
7726
7730
7732
7733
7735
7736
7737
7738
7739
7740
7744
7746
7753
7754
7761
7763
7767
7768
7772
7776
7780
7783
7786
7790
7792
7794
7797
7800
7801
7802
7805
7806
7807
7809
7810
7812
7813
7814
7815
7817
7818
7819
7820
7821
7822
7826
7829
7830
7831
7832
7833
7835
7837
7839
7840
7841
7842
7845
7846
7847
7849
7853
7855
7856
7857
7864
7866
7867
7870
7871
7872
7874
7875
7886
7887
7889
7897
7898
7902
7903
7907
7908
7909
7910
7911
7912
7914
7915
7916
7917
7918
7919
7921
7922
7924
7927
7929
7930
7935
7937
7938
7939
7940
7941
7942
7943
7946
7947
7948
7949
7951
7952
7954
7955
7956
7957
7958
7959
7961
7964
7965
7967
7968
7969
7971
7972
7974
7975
7976
7978
7980
7981
7982
7984
7985
7986
7987
7990
7992
7996
7998
7999
8000
8002
8003
8004
8005
8006
8007
8009
8011
8012
8013
8016
8017
8019
8020
8022
8025
8026
8027
8028
8029
8030
8031
8032
8033
8035
8036
8037
8038
8039
8041
8042
8043
8044
8051
8052
8054
8057
8058
8059
8060
8061
8062
8063
8064
8065
8067
8069
8072
8075
8078
8079
8083
8087
8090
8092
8093
8096
8097
8099
8101
8103
8104
8106
8109
8110
8112
8113
8115
8117
8119
8120
8121
8122
8124
8129
8130
8132
8133
8134
8136
8137
8138
8139
8141
8142
8143
8144
8146
8147
8148
8152
8153
8157
8161
8165
8167
8171
8172
8173
8175
8176
8177
8178
8179
8180
8183
8184
8185
8187
8189
8190
8191
8192
8193
8194
8195
8196
8197
8198
8200
8202
8204
8205
8207
8208
8209
8211
8213
8214
8216
8219
8220
8221
8222
8223
8229
8231
8232
8233
8234
8236
8238
8239
8244
8247
8249
8251
8253
8257
8258
8261
8262
8263
8269
8270
8271
8272
8273
8274
8277
8279
8280
8283
8284
8285
8286
8287
8289
8291
8293
8294
8296
8297
8299
8300
8301
8303
8306
8309
8312
8313
8314
8320
8324
8327
8330
8331
8332
8333
8334
8336
8337
8338
8339
8340
8341
8344
8346
8348
8351
8352
8356
8357
8358
8359
8362
8363
8364
8366
8367
8368
8370
8373
8376
8377
8378
8380
8381
8386
8387
8388
8391
8393
8397
8398
8399
8403
8404
8408
8412
8415
8418
8419
8422
8423
8424
8427
8428
8429
8430
8431
8433
8435
8438
8440
8441
8445
8446
8447
8449
8452
8453
8458
8459
8463
8465
8466
8469
8471
8474
8477
8485
8487
8489
8490
8493
8495
8496
8497
8498
8499
8500
8503
8504
8507
8517
8518
8519
8522
8528
8529
8531
8533
8535
8536
8539
8540
8542
8543
8544
8545
8547
8548
8549
8550
8551
8557
8560
8561
8562
8563
8567
8568
8569
8572
8573
8576
8578
8581
8582
8583
8584
8585
8589
8590
8592
8594
8596
8597
8601
8602
8603
8606
8607
8609
8611
8612
8615
8616
8617
8618
8619
8620
8621
8622
8625
8626
8627
8628
8629
8630
8631
8632
8633
8635
8636
8637
8639
8641
8642
8643
8646
8651
8652
8655
8656
8658
8660
8661
8662
8663
8666
8670
8672
8674
8675
8678
8680
8682
8683
8684
8685
8689
8690
8694
8695
8696
8697
8698
8699
8704
8706
8707
8708
8709
8711
8713
8714
8717
8718
8719
8722
8724
8725
8726
8728
8730
8731
8733
8734
8735
8736
8737
8738
8739
8740
8741
8745
8746
8748
8749
8752
8753
8756
8757
8761
8763
8764
8766
8768
8769
8770
8771
8773
8774
8775
8777
8779
8780
8781
8782
8784
8788
8790
8792
8794
8803
8805
8806
8807
8809
8810
8813
8814
8815
8817
8819
8820
8821
8823
8826
8827
8831
8832
8835
8837
8838
8841
8842
8843
8844
8845
8846
8847
8849
8851
8852
8854
8857
8860
8861
8863
8864
8865
8868
8869
8871
8872
8874
8875
8876
8878
8880
8885
8886
8887
8891
8897
8899
8902
8904
8906
8907
8908
8914
8915
8916
8917
8919
8920
8922
8923
8924
8925
8927
8928
8930
8931
8932
8933
8935
8936
8937
8938
8939
8940
8942
8943
8944
8947
8948
8949
8951
8952
8953
8955
8956
8957
8958
8959
8963
8965
8967
8969
8971
8972
8974
8975
8976
8979
8980
8981
8983
8984
8985
8986
8992
8994
8995
9002
9003
9004
9010
9011
9013
9018
9019
9020
9021
9022
9025
9026
9030
9031
9032
9033
9035
9036
9037
9038
9039
9040
9041
9043
9046
9047
9048
9049
9050
9051
9053
9055
9056
9057
9058
9060
9061
9062
9063
9064
9065
9067
9068
9069
9070
9071
9072
9074
9075
9079
9081
9082
9083
9084
9085
9086
9088
9089
9094
9095
9096
9098
9101
9104
9106
9109
9113
9118
9120
9122
9124
9126
9129
9131
9132
9133
9134
9135
9138
9140
9143
9144
9145
9147
9148
9150
9151
9152
9153
9156
9157
9158
9159
9161
9162
9163
9164
9166
9167
9169
9170
9173
9175
9176
9180
9181
9183
9184
9186
9188
9189
9190
9194
9196
9197
9198
9203
9204
9205
9206
9207
9208
9209
9211
9212
9213
9216
9218
9219
9220
9221
9222
9223
9225
9226
9227
9229
9230
9232
9233
9234
9236
9237
9238
9239
9240
9245
9247
9249
9250
9254
9255
9256
9257
9258
9259
9260
9261
9265
9268
9269
9270
9271
9274
9275
9276
9278
9279
9280
9281
9282
9283
9284
9286
9287
9289
9290
9291
9293
9294
9296
9298
9301
9303
9305
9306
9307
9308
9309
9312
9316
9318
9319
9320
9321
9322
9323
9324
9325
9326
9327
9328
9329
9334
9335
9336
9338
9340
9341
9342
9343
9344
9346
9347
9349
9350
9352
9355
9356
9357
9358
9359
9360
9361
9364
9366
9367
9369
9370
9373
9374
9377
9379
9380
9381
9383
9385
9386
9387
9388
9389
9391
9393
9397
9398
9399
9400
9401
9402
9404
9408
9409
9412
9414
9416
9417
9418
9419
9424
9425
9426
9427
9428
9429
9430
9432
9433
9434
9436
9437
9438
9439
9440
9441
9442
9443
9445
9446
9447
9451
9452
9454
9455
9456
9458
9459
9460
9461
9463
9465
9466
9467
9470
9471
9472
9475
9478
9480
9481
9483
9484
9485
9486
9487
9490
9496
9497
9501
9503
9504
9505
9506
9507
9508
9509
9515
9516
9517
9519
9520
9523
9525
9526
9527
9528
9529
9530
9531
9532
9533
9534
9535
9537
9538
9539
9541
9544
9545
9546
9547
9548
9549
9550
9551
9553
9555
9556
9557
9558
9559
9560
9561
9562
9563
9564
9566
9567
9568
9571
9572
9573
9575
9576
9577
9578
9579
9581
9584
9586
9588
9589
9590
9591
9593
9594
9597
9598
9603
9604
9605
9606
9607
9609
9610
9613
9615
9616
9617
9619
9620
9621
9623
9624
9625
9627
9635
9636
9638
9642
9644
9646
9647
9648
9650
9651
9652
9657
9660
9661
9662
9664
9665
9666
9667
9668
9670
9671
9672
9677
9679
9680
9681
9682
9683
9684
9685
9686
9693
9694
9698
9699
9700
9702
9704
9706
9708
9709
9711
9715
9716
9717
9719
9721
9722
9723
9724
9725
9726
9727
9728
9729
9730
9731
9732
9733
9735
9736
9737
9738
9739
9741
9742
9744
9747
9748
9749
9752
9755
9756
9757
9758
9759
9761
9762
9764
9766
9769
9771
9774
9776
9777
9778
9779
9781
9782
9784
9787
9788
9790
9791
9792
9793
9794
9795
9796
9798
9802
9803
9804
9806
9807
9808
9809
9810
9812
9814
9815
9816
9817
9818
9819
9820
9823
9824
9826
9827
9828
9829
9830
9835
9836
9837
9838
9839
9840
9843
9845
9846
9847
9848
9849
9850
9851
9859
9860
9864
9868
9869
9870
9872
9873
9874
9875
9877
9879
9880
9882
9883
9884
9887
9889
9892
9893
9894
9895
9896
9902
9903
9904
9907
9908
9911
9913
9919
9920
9921
9923
9924
9926
9927
9928
9930
9932
9933
9934
9935
9936
9937
9939
9940
9941
9943
9945
9949
9956
9957
9964
9965
9966
9967
9968
9969
9970
9972
9977
9983
9984
9985
9986
9987
9988
9989
9991
9992
9993
9994
9997
9998
